Conv [in, out, k, s, p]
[3,   64,   3, 2, 1, F]
[64,  128,  3, 2, 1, F]
[128, 256,  3, 2, 1, F]
[256, 512,  3, 2, 1, F]
[512, 1024, 3, 2, 1, F]
[256, 256,  3, 2, 1, F]
[512, 512,  3, 2, 1, F]

C2f [128, 128, 3, True]
c1: [128,128,1,1,0]
bk: [64,64,3,1,1]
c2: [64*5,128,1,1,0]

C2f [256, 256, 6, True]
c1: [256,256,1,1,0]
bk: [128,128,3,1,1]
c2: [128*8,256,1,1,0]

C2f [512, 512, 6, True]
c1: [512,512,1,1,0]
bk: [256,256,3,1,1]
c2: [256*8,512,1,1,0]

C2f [1024, 1024, 3, True]
c1: [1024,1024,1,1,0]
bk: [512,512,3,1,1]
c2: [512*5,1024,1,1,0]

C2f [1024+512, 512, 3, False]
c1: [512*3,512*3,1,1,0]
bk: [256*3,256*3,3,1,1]
c2: [256*3*5,512,1,1,0]

C2f [512+256, 256, 3, False]
c1: [256*3,256*3,1,1,0]
bk: [128*3,128*3,3,1,1]
c2: [128*3*5,256,1,1,0]

C2f [512+256, 512, 3, False]
c1: [256*3,256*3,1,1,0]
bk: [128*3,128*3,3,1,1]
c2: [128*3*5,512,1,1,0]

C2f [1024+512, 1024, 3, False]
c1: [512*3,512*3,1,1,0]
bk: [256*3,256*3,3,1,1]
c2: [256*3*5,1024,1,1,0]

SPPF [1024, 1024, 5]
cv1: [1024,512,1,1,0]
cv2: [512*4,1024,1,1,0]

Detect [3, 256, 512, 1024]
cv2 (c2=64)
  [256,64,3,1,1]  [512,64,3,1,1] [1024,64,3,1,1]
  [64,64,3,1,1]
  [64,64,1,1,0,True]
cv3 (c3=256)
  [256,256,3,1,1] [512,256,3,1,1] [1024,256,3,1,1]
  [256,256,3,1,1]
  [256,3,1,1,0,True]
 